601 1000 11 Curtain_385 849.69 387 822 698445 28 4 2025 21 1 2027 
1001 17 First_Aid_Kit_992 620.08 66 966 598997 27 9 2025 12 10 2027 
1002 14 Fertilizer_816 280.56 171 876 245771 21 5 2025 21 10 2026 
1003 7 Desk_43 575.61 81 208 119727 31 5 2024 30 7 2026 
1004 9 Chair_558 525.61 90 542 284881 11 8 2025 13 6 2027 
1005 13 Newspaper_723 70.54 47 110 7759.4 10 2 2025 12 6 2027 
1006 10 Tissue_503 62.08 220 957 59410.6 10 7 2024 5 7 2027 
1007 8 Fish_850 875.93 219 0 0 7 5 2025 5 10 2027 
1008 6 RAM_31 197.09 421 412 81201.1 12 3 2025 31 12 2027 
1009 13 USB_Drive_692 328.69 422 298 97949.6 15 6 2025 17 4 2028 
1010 8 Eggs_290 767.28 59 245 187984 15 1 2025 1 1 2027 
1011 10 Candle_281 740.72 172 466 345176 7 4 2024 19 4 2026 
1012 10 Jacket_207 13.96 229 424 5919.04 20 3 2025 5 11 2027 
1013 9 Seeds_606 341.31 478 402 137207 2 8 2024 11 6 2026 
1014 9 Mouse_396 398.73 217 347 138359 21 10 2025 8 4 2028 
1015 17 First_Aid_Kit_258 568.54 450 870 494630 1 9 2025 29 11 2026 
1016 8 Desk_578 983.59 209 538 529171 21 7 2024 28 1 2027 
1017 6 CD_306 693.13 126 504 349338 19 8 2024 30 1 2026 
1018 8 Milk_663 597.75 466 824 492546 22 2 2024 31 12 2026 
1019 7 Hat_104 647.93 461 488 316190 9 10 2024 23 5 2026 
1020 9 Plant_493 773.9 443 560 433384 23 1 2025 20 6 2027 
1021 9 Bread_366 570.55 224 771 439894 30 1 2024 7 6 2026 
1022 10 Coffee_904 155.36 436 659 102382 12 11 2024 30 8 2027 
1023 10 Bleach_808 837.14 471 521 436150 19 3 2025 10 6 2027 
1024 8 Eggs_350 132.26 30 989 130805 13 9 2025 19 8 2027 
1025 11 Gym_Bag_887 74.99 1 609 45668.9 15 1 2025 23 12 2027 
1026 11 Stapler_406 985.13 138 363 357602 3 9 2025 16 8 2028 
1027 8 Beef_517 30.31 301 908 27521.5 10 6 2024 16 8 2026 
1028 7 Pot_543 291.93 250 385 112393 2 1 2024 20 6 2026 
1029 9 Pasta_867 506.35 129 994 503312 24 10 2025 15 5 2028 
1030 8 Sofa_836 238.17 322 64 15242.9 19 3 2025 28 7 2027 
1031 13 Detergent_519 624.57 106 376 234838 25 11 2024 28 8 2026 
1032 9 Shoes_821 7.33 484 649 4757.17 9 2 2025 27 5 2026 
1033 11 Bandage_806 128.51 148 306 39324.1 13 8 2025 7 8 2027 
1034 14 Fertilizer_560 957.49 270 380 363846 27 10 2025 30 5 2027 
1035 8 Milk_116 710.31 322 731 519237 25 10 2025 14 9 2028 
1036 16 Picture_Frame_63 574.78 296 681 391425 25 2 2025 17 7 2027 
1037 12 Suitcase_783 564.98 82 637 359892 28 10 2025 16 8 2027 
1038 8 Chair_23 758.29 71 795 602841 28 12 2023 11 4 2026 
1039 8 Milk_115 266.47 490 640 170541 12 8 2025 2 10 2026 
1040 12 Medicine_387 384.52 124 281 108050 8 12 2023 31 1 2025 
1041 11 Curtain_725 806.97 470 106 85538.8 5 3 2024 14 6 2025 
1042 8 Nuts_687 646.18 310 104 67202.7 26 4 2024 11 3 2027 
1043 9 Chair_389 460.07 77 291 133880 28 8 2024 6 9 2026 
1044 14 Smartphone_116 8.68 298 511 4435.48 2 10 2025 6 4 2027 
1045 16 Garden_Tools_887 124.14 33 728 90373.9 25 1 2024 24 6 2025 
1046 14 Headphones_306 91.88 461 487 44745.6 6 7 2025 20 12 2027 
1047 10 Butter_652 940.99 37 97 91276 7 9 2025 14 8 2028 
1048 10 Laptop_544 899.7 251 244 219527 11 3 2025 26 2 2027 
1049 9 Water_786 536.44 172 136 72955.8 6 4 2025 3 10 2026 
1050 10 Yogurt_410 677.6 330 166 112482 29 9 2025 26 4 2028 
1051 11 Curtain_110 937.23 439 578 541719 19 9 2025 16 12 2027 
1052 10 Coffee_762 731.67 105 864 632163 11 4 2024 25 10 2025 
1053 10 Pepper_904 968.56 432 681 659589 2 2 2024 11 5 2025 
1054 8 Decor_58 755.25 458 84 63441 28 7 2025 23 11 2026 
1055 11 Cookies_707 415.23 168 321 133289 30 9 2024 10 1 2027 
1056 7 Tape_90 823.02 4 632 520149 22 5 2025 9 7 2027 
1057 9 Decor_181 572.03 171 321 183622 2 8 2025 4 3 2027 
1058 9 Cable_438 329.88 288 181 59708.3 14 4 2025 10 1 2027 
1059 10 Coffee_711 745.86 96 194 144697 27 12 2023 14 8 2026 
1060 9 Jeans_817 846.24 217 820 693917 13 7 2024 12 6 2027 
1061 9 Towel_510 845.17 253 60 50710.2 31 12 2023 1 3 2025 
1062 12 Scissors_357 351.03 49 519 182185 3 8 2024 21 3 2026 
1063 8 Oats_443 567.16 412 944 535399 30 3 2025 31 8 2026 
1064 12 Medicine_313 961.94 60 73 70221.6 21 7 2024 16 7 2026 
1065 8 Sofa_736 542.12 384 579 313887 30 9 2025 8 1 2027 
1066 9 Plant_688 433.6 262 947 410619 31 12 2024 2 5 2027 
1067 11 Stapler_644 284.47 470 944 268540 2 8 2024 27 2 2026 
1068 12 Scissors_807 992.88 289 133 132053 5 2 2024 13 12 2026 
1069 17 Running_Shoes_989 825.39 160 201 165903 15 10 2025 14 6 2027 
1070 11 Monitor_443 704.25 294 716 504243 12 4 2025 27 10 2027 
1071 7 Desk_43 995.84 474 705 702067 5 10 2024 27 2 2027 
1072 10 Tablet_481 702.88 313 853 599557 19 2 2024 1 5 2025 
1073 10 Pepper_984 203.2 349 549 111557 26 9 2024 8 10 2026 
1074 8 Book_247 367.51 66 143 52553.9 25 8 2024 3 4 2027 
1075 8 Tape_734 446.74 371 481 214882 8 2 2025 10 5 2027 
1076 11 Gym_Bag_598 431.81 194 161 69521.4 29 5 2024 23 11 2026 
1077 9 Sauce_608 311.52 64 478 148907 1 12 2024 22 3 2026 
1078 14 Toothpaste_611 202.78 283 914 185341 12 4 2024 23 5 2026 
1079 5 RAM_4 732.18 373 366 267978 23 10 2024 22 4 2027 
1080 10 Bleach_159 605.14 24 152 91981.3 27 4 2025 28 3 2028 
1081 8 Soda_232 267.01 376 72 19224.7 28 4 2024 10 12 2025 
1082 13 Detergent_480 450.84 151 222 100086 29 10 2025 16 1 2028 
1083 16 Graphics_Card_66 101.23 334 512 51829.8 30 11 2024 16 9 2027 
1084 11 Medicine_35 148.39 117 792 117525 5 3 2025 20 9 2027 
1085 10 Sponge_190 463.53 406 362 167798 30 12 2024 15 9 2026 
1086 16 First_Aid_Kit_96 995.46 250 847 843155 10 1 2025 14 2 2026 
1087 8 Eggs_532 577.61 446 556 321151 14 5 2025 10 10 2027 
1088 15 Thermometer_209 295.93 286 363 107423 10 2 2025 8 6 2026 
1089 13 Sprinkler_458 797.93 117 304 242571 26 12 2023 19 1 2026 
1090 8 Ball_838 956.64 139 383 366393 5 2 2025 26 7 2027 
1091 10 Pencil_661 309.41 446 971 300437 1 9 2024 16 9 2025 
1092 10 Tablet_383 842.99 110 150 126448 19 6 2025 23 3 2028 
1093 13 Headphones_37 746.51 223 338 252320 7 3 2025 18 8 2026 
1094 11 Stapler_912 311.29 136 725 225685 14 3 2025 22 6 2027 
1095 15 Cooling_Fan_221 378.63 316 132 49979.2 9 10 2025 29 11 2026 
1096 11 Curtain_649 597.8 69 209 124940 17 10 2024 9 3 2026 
1097 17 Graphics_Card_677 241.13 489 182 43885.7 4 8 2025 12 6 2027 
1098 12 Notebook_813 32.41 415 264 8556.24 20 3 2024 5 12 2026 
1099 10 Bleach_486 38.76 129 903 35000.3 13 9 2025 6 10 2027 
1100 14 Fertilizer_167 490.07 244 859 420970 9 11 2024 23 3 2027 
1101 9 Juice_912 573.01 70 293 167892 25 8 2024 11 6 2026 
1102 7 Pot_140 301.45 237 828 249601 28 3 2024 3 2 2026 
1103 7 Pen_136 172.39 276 952 164115 27 1 2025 13 9 2026 
1104 13 USB_Drive_659 949.05 168 435 412837 30 12 2023 22 5 2026 
1105 10 Webcam_331 780.61 163 125 97576.2 13 5 2025 24 2 2027 
1106 9 Plant_472 761.92 365 17 12952.6 4 7 2025 7 1 2028 
1107 9 Shirt_657 759.97 165 701 532739 7 6 2025 8 3 2028 
1108 16 Power_Supply_231 897.39 410 405 363443 6 5 2025 21 4 2027 
1109 12 Yoga_Mat_245 626.23 147 229 143407 20 1 2024 20 6 2025 
1110 11 Gym_Bag_271 526.42 422 493 259525 31 12 2023 2 2 2026 
1111 9 Water_322 679.83 192 721 490157 28 7 2025 6 12 2026 
1112 11 Chicken_656 572.17 126 489 279791 14 4 2024 1 5 2025 
1113 7 Bag_759 487.57 437 590 287666 4 1 2025 30 11 2026 
1114 9 Pasta_409 887.62 441 947 840576 26 1 2025 13 11 2026 
1115 12 Medicine_282 502.58 458 47 23621.3 22 7 2025 31 5 2027 
1116 8 Soda_532 571.81 171 887 507195 1 2 2024 16 6 2025 
1117 17 Graphics_Card_618 70.13 377 656 46005.3 19 6 2025 5 11 2027 
1118 10 Butter_253 905.1 353 704 637190 2 9 2025 9 3 2028 
1119 8 Rice_751 351.96 118 338 118962 6 4 2025 20 6 2026 
1120 9 Clock_975 774.51 485 51 39500 14 2 2024 16 12 2026 
1121 9 Towel_561 108.85 130 660 71841 16 7 2024 10 7 2026 
1122 10 Cereal_429 71.33 447 928 66194.2 21 2 2025 30 6 2027 
1123 10 Laptop_507 396.12 287 992 392951 13 4 2024 19 1 2027 
1124 8 Glue_467 99.11 183 605 59961.6 20 12 2024 19 7 2026 
1125 10 Tablet_546 456.01 70 655 298687 12 2 2025 17 11 2026 
1126 14 Toothpaste_578 625.04 10 356 222514 27 11 2024 7 5 2027 
1127 13 Detergent_888 244.72 124 547 133862 26 4 2024 18 11 2025 
1128 7 Glue_60 913.7 79 129 117867 31 10 2025 22 5 2028 
1129 11 Monitor_447 963.47 306 995 958653 18 12 2023 27 4 2026 
1130 14 Headphones_676 624.34 313 538 335895 14 3 2025 7 7 2026 
1131 9 Flour_390 523.79 114 680 356177 10 9 2025 27 4 2028 
1132 17 First_Aid_Kit_299 466.13 205 495 230734 27 12 2024 21 8 2026 
1133 7 Pot_599 908.58 444 32 29074.6 11 7 2025 11 9 2027 
1134 12 Backpack_393 432 45 787 339984 30 8 2024 30 12 2026 
1135 15 Thermometer_936 972.64 437 30 29179.2 4 2 2024 22 10 2026 
1136 12 Scissors_637 45.7 10 377 17228.9 30 7 2024 25 2 2027 
1137 7 RAM_323 941.26 118 621 584522 28 3 2024 6 5 2025 
1138 8 Glue_320 980.78 214 472 462928 13 4 2024 27 7 2025 
1139 9 Chair_666 332.12 175 374 124213 24 5 2024 25 3 2026 
1140 12 Mattress_531 540.19 408 644 347882 29 9 2024 16 12 2025 
1141 8 Ball_461 337.85 396 859 290213 28 12 2024 1 10 2026 
1142 7 DVD_624 445.84 45 817 364251 3 10 2025 4 12 2027 
1143 10 Puzzle_551 981.73 401 68 66757.6 19 5 2025 22 11 2026 
1144 8 Eggs_774 466.68 181 670 312676 11 7 2025 15 12 2027 
1145 8 Book_562 646.82 243 552 357045 25 11 2024 1 1 2026 
1146 10 Pepper_561 927.87 23 635 589197 27 12 2024 8 7 2027 
1147 9 Sauce_516 841.19 300 75 63089.2 25 7 2025 6 10 2027 
1148 9 Clock_156 280.21 478 319 89387 21 4 2025 31 10 2026 
1149 7 Bed_872 284.2 442 548 155742 7 6 2024 27 1 2027 
1150 11 Notebook_69 489.51 136 126 61678.3 4 6 2024 22 8 2025 
1151 8 Lamp_868 893.15 301 894 798476 9 3 2025 21 1 2028 
1152 9 Bread_536 217.48 147 605 131575 1 12 2024 25 2 2027 
1153 6 Bed_56 902.49 166 512 462075 20 4 2024 23 1 2026 
1154 13 Newspaper_347 80.07 409 800 64056 3 6 2025 29 2 2028 
1155 8 Bike_394 10.9 224 53 577.7 3 12 2025 9 10 2028 
1156 10 Wallet_782 477.59 448 185 88354.1 30 1 2025 17 11 2027 
1157 14 Hard_Drive_720 417.56 132 401 167442 29 11 2025 4 12 2026 
1158 12 Dumbbell_177 14.37 253 114 1638.18 28 6 2024 10 7 2026 
1159 10 Folder_775 83.49 132 960 80150.4 15 1 2024 14 11 2026 
1160 9 Table_108 375 70 330 123750 9 2 2025 14 11 2027 
1161 8 Nuts_713 964.35 123 651 627792 27 1 2025 28 2 2026 
1162 8 Water_89 945.63 44 918 868088 15 10 2025 12 11 2026 
1163 9 Seeds_569 592.86 297 156 92486.2 6 5 2024 25 8 2026 
1164 7 Vase_29 578.95 204 514 297580 11 1 2025 17 1 2026 
1165 14 Microphone_418 680.53 80 745 506995 11 3 2025 11 1 2028 
1166 11 Gym_Bag_729 974.09 170 237 230859 28 10 2025 28 10 2027 
1167 8 Belt_832 159.39 387 40 6375.6 29 12 2023 22 2 2026 
1168 12 Mattress_186 19.12 347 235 4493.2 24 3 2024 25 1 2026 
1169 13 Furniture_750 708.35 64 276 195505 5 6 2025 17 2 2028 
1170 12 Backpack_187 528.7 283 888 469486 20 1 2025 29 5 2027 
1171 8 Belt_706 967.06 411 949 917740 28 10 2025 5 2 2027 
1172 9 Socks_853 982.96 248 397 390235 2 4 2024 18 5 2025 
1173 9 Jeans_901 211.88 265 64 13560.3 13 12 2023 8 12 2026 
1174 9 Plant_806 858.84 411 447 383901 23 11 2024 20 6 2027 
1175 10 Pepper_214 312.59 204 174 54390.7 24 5 2024 9 2 2026 
1176 15 Cooling_Fan_714 528.34 170 690 364555 12 3 2025 13 8 2027 
1177 7 Book_59 469.5 215 841 394850 7 1 2024 19 9 2026 
1178 8 Fish_315 552.49 356 831 459119 22 3 2024 29 1 2026 
1179 9 Chips_681 651.46 357 841 547878 26 6 2025 6 11 2026 
1180 7 SSD_658 555.91 315 571 317425 3 4 2025 15 1 2027 
1181 8 Oats_374 432.19 100 109 47108.7 31 8 2024 16 3 2027 
1182 9 Flour_130 10.41 203 824 8577.84 22 5 2025 16 8 2027 
1183 11 Bandage_742 751.41 292 214 160802 11 2 2024 3 1 2027 
1184 8 Tape_722 897.92 130 798 716540 1 11 2024 23 8 2026 
1185 14 Headphones_335 935.69 295 822 769137 16 11 2024 22 1 2026 
1186 8 Milk_203 84.26 338 391 32945.7 10 3 2024 29 3 2026 
1187 12 Dumbbell_823 202.49 437 38 7694.62 19 7 2024 25 11 2025 
1188 10 Tissue_237 416.82 110 449 187152 19 7 2025 18 12 2026 
1189 13 Batteries_146 173.67 232 221 38381.1 25 1 2024 18 8 2026 
1190 8 Belt_868 556.6 210 610 339526 21 1 2024 6 1 2026 
1191 7 Game_76 721.89 236 997 719724 15 4 2024 10 8 2026 
1192 9 Juice_414 598.89 455 873 522831 8 8 2024 24 2 2027 
1193 10 Speaker_53 785.79 319 963 756716 26 4 2024 26 5 2025 
1194 11 Cookies_460 103.47 495 475 49148.2 16 3 2024 19 11 2026 
1195 8 Mouse_91 918.65 25 506 464837 1 1 2025 14 5 2027 
1196 9 Bread_483 672.93 43 775 521521 16 5 2025 6 7 2027 
1197 11 Bandage_970 144.18 147 689 99340 24 6 2025 4 5 2027 
1198 8 Nuts_596 465.55 51 347 161546 2 8 2025 1 5 2027 
1199 9 Cable_664 104.85 448 865 90695.2 15 3 2024 19 3 2025 
1200 17 First_Aid_Kit_495 612.48 424 3 1837.44 4 10 2024 16 12 2026 
1201 14 Toothpaste_885 720.06 67 584 420515 14 9 2025 29 1 2027 
1202 9 Water_226 120.46 391 217 26139.8 14 4 2024 27 11 2026 
1203 8 Vase_986 157.81 476 750 118358 31 1 2025 11 5 2027 
1204 8 Hose_869 611.68 405 20 12233.6 28 8 2024 16 10 2025 
1205 7 Hat_657 196.02 241 922 180730 17 11 2024 12 12 2026 
1206 12 Yoga_Mat_497 763.95 302 499 381211 28 3 2024 24 11 2026 
1207 17 Running_Shoes_353 959.82 331 626 600847 8 1 2025 8 12 2026 
1208 11 Stapler_611 328.45 381 539 177035 4 12 2025 11 3 2027 
1209 13 Furniture_774 195.09 9 471 91887.4 20 7 2025 4 11 2027 
1210 14 Microphone_222 178.1 202 613 109175 11 6 2024 13 7 2025 
1211 8 Lamp_520 888.07 253 648 575469 26 6 2025 21 3 2027 
1212 7 Pot_950 6.17 391 933 5756.61 2 3 2025 20 2 2028 
1213 17 First_Aid_Kit_521 814.93 484 534 435173 19 12 2023 28 8 2026 
1214 17 Graphics_Card_565 622.1 376 454 282433 20 10 2025 31 7 2027 
1215 12 Scissors_146 859.1 333 159 136597 22 3 2024 6 4 2026 
1216 6 Pen_76 449.58 100 66 29672.3 1 7 2024 8 11 2026 
1217 11 Vinegar_102 304.67 150 375 114251 21 8 2024 28 4 2027 
1218 14 Toothpaste_110 850.65 110 437 371734 3 9 2024 30 12 2026 
1219 9 Watch_553 830.84 489 591 491026 7 7 2025 10 7 2027 
1220 8 Beef_595 463.93 403 397 184180 6 9 2024 26 2 2027 
1221 10 Mirror_705 214.98 215 117 25152.7 23 1 2025 5 8 2026 
1222 9 Sugar_620 971.73 247 11 10689 5 10 2024 9 12 2026 
1223 11 Curtain_332 317.84 31 526 167184 26 5 2024 9 12 2025 
1224 13 Furniture_267 936.65 307 615 576040 30 10 2024 3 3 2027 
1225 12 Mattress_844 37.81 430 984 37205 26 5 2025 16 5 2028 
1226 13 Lightbulb_968 315.54 331 590 186169 25 8 2025 7 5 2028 
1227 7 Tape_44 454.26 412 959 435635 9 7 2025 9 9 2027 
1228 10 Laptop_337 692.09 352 893 618036 29 4 2024 27 9 2025 
1229 8 Milk_192 577.46 233 209 120689 14 2 2024 5 6 2025 
1230 10 Racket_327 739.82 371 894 661399 3 6 2025 30 5 2027 
1231 8 Milk_349 890.83 236 980 873013 9 3 2025 3 1 2027 
1232 13 Chocolate_951 127.54 403 428 54587.1 16 12 2023 25 3 2026 
1233 12 Keyboard_715 569.21 86 438 249314 14 9 2024 10 4 2026 
1234 12 Mattress_858 709.47 71 891 632138 20 8 2024 30 9 2025 
1235 8 Milk_792 851.96 186 565 481357 16 10 2025 31 3 2028 
1236 14 Fertilizer_487 263.24 17 124 32641.8 30 1 2024 3 4 2026 
1237 9 Decor_605 991.18 257 92 91188.6 4 5 2024 11 11 2026 
1238 10 Cereal_731 398.34 459 146 58157.6 22 11 2025 27 2 2027 
1239 13 Detergent_359 365.67 408 88 32179 29 6 2024 19 10 2025 
1240 12 Vitamins_146 837.78 78 860 720491 31 10 2024 8 12 2025 
1241 8 Lamp_859 534.94 302 333 178135 7 4 2024 22 10 2026 
1242 12 Notebook_913 392.93 100 331 130060 30 9 2025 23 9 2028 
1243 9 Towel_412 949.63 27 236 224113 3 12 2024 2 8 2027 
1244 8 Ball_795 525.55 365 774 406776 14 6 2025 7 11 2027 
1245 8 Tape_889 120.29 262 186 22373.9 11 3 2025 26 7 2026 
1246 12 Suitcase_808 238.83 230 902 215425 25 11 2024 6 2 2026 
1247 7 RAM_458 64.51 44 370 23868.7 17 11 2024 10 1 2026 
1248 8 Flour_49 591 482 440 260040 10 8 2024 7 8 2026 
1249 12 Scissors_359 165.03 37 482 79544.5 25 3 2025 29 1 2028 
1250 11 T-Shirt_804 998.98 178 197 196799 21 4 2024 18 12 2025 
1251 9 Dress_896 775.54 82 893 692557 8 6 2025 10 12 2027 
1252 7 Toy_427 439.9 386 886 389751 15 1 2024 24 4 2026 
1253 7 Bed_533 247.18 135 543 134219 29 7 2024 12 10 2025 
1254 9 Pasta_133 359.49 451 396 142358 22 6 2024 5 1 2027 
1255 7 Hose_44 663.93 368 222 147392 14 10 2024 10 3 2027 
1256 16 Power_Supply_708 408.71 149 418 170841 26 12 2024 31 3 2026 
1257 9 Decor_327 755.36 259 261 197149 1 9 2025 18 5 2028 
1258 10 Charger_12 506.5 209 346 175249 1 2 2025 27 9 2026 
1259 13 Furniture_982 652.51 398 860 561159 1 8 2024 12 8 2026 
1260 17 First_Aid_Kit_411 869.54 147 221 192168 22 2 2024 28 4 2025 
1261 9 Towel_874 791.81 247 509 403031 13 12 2024 5 4 2027 
1262 11 Speaker_481 486.28 485 211 102605 6 11 2024 24 5 2026 
1263 10 Folder_859 13.45 268 996 13396.2 29 10 2024 13 4 2027 
1264 10 Helmet_791 983.87 334 733 721177 24 8 2024 28 12 2026 
1265 16 Garden_Tools_853 967.74 307 686 663870 9 11 2024 15 9 2027 
1266 8 Game_840 598.46 93 384 229809 7 2 2025 26 5 2027 
1267 8 Desk_275 269.64 397 319 86015.2 8 3 2024 22 10 2025 
1268 8 Beef_829 147.24 230 266 39165.8 23 8 2024 26 8 2025 
1269 7 Nuts_61 969.11 12 283 274258 29 1 2025 16 12 2026 
1270 7 Pot_362 217.86 364 77 16775.2 29 4 2025 7 7 2027 
1271 8 Oats_802 207.3 50 719 149049 16 3 2025 3 8 2026 
1272 8 Glue_571 61.92 242 747 46254.2 5 11 2024 17 5 2027 
1273 7 Bag_481 47.53 490 748 35552.4 11 1 2024 6 1 2026 
1274 8 Bike_764 558.08 253 337 188073 1 1 2024 22 1 2026 
1275 7 Bag_677 104.83 271 509 53358.5 24 1 2025 15 6 2027 
1276 12 Magazine_531 373.99 375 711 265907 16 6 2025 16 9 2026 
1277 6 Tea_10 871.58 426 273 237941 16 5 2024 8 7 2025 
1278 7 Bed_980 230.26 465 283 65163.6 13 12 2023 6 3 2025 
1279 6 CD_797 373.65 200 427 159549 18 5 2024 8 11 2026 
1280 16 Garden_Tools_327 460.07 230 807 371276 10 2 2024 5 8 2026 
1281 11 Stapler_711 796.06 154 964 767402 16 2 2025 9 10 2026 
1282 17 First_Aid_Kit_247 9.45 348 968 9147.6 7 2 2024 15 2 2025 
1283 8 Ball_658 389.27 264 212 82525.2 27 12 2024 24 12 2026 
1284 11 Curtain_984 826.44 320 740 611566 13 3 2025 9 4 2027 
1285 11 Scissors_36 290.35 484 217 63005.9 4 3 2025 28 6 2026 
1286 10 Jacket_610 102.3 249 193 19743.9 21 9 2024 3 6 2026 
1287 17 Graphics_Card_100 871.21 130 160 139394 17 8 2024 11 9 2025 
1288 17 Picture_Frame_776 836.63 366 7 5856.41 21 3 2024 27 5 2026 
1289 8 Case_112 185.45 39 136 25221.2 16 1 2025 6 11 2026 
1290 9 Seeds_952 729.01 436 703 512494 9 9 2024 14 1 2026 
1291 16 Power_Supply_408 580.59 360 435 252557 25 1 2024 15 9 2025 
1292 7 Oil_510 136.67 297 491 67105 4 7 2025 27 11 2026 
1293 8 Soap_297 127.72 158 976 124655 25 5 2024 24 1 2027 
1294 9 Juice_437 108.01 22 872 94184.7 29 10 2024 27 11 2026 
1295 14 Fertilizer_537 528.51 26 320 169123 11 6 2025 18 8 2027 
1296 10 Cereal_168 943.77 315 985 929613 1 9 2024 1 5 2027 
1297 9 Mouse_419 829.93 252 485 402516 28 2 2024 9 6 2025 
1298 8 Beef_427 564.89 89 815 460385 1 5 2025 18 10 2026 
1299 10 Laptop_405 633.01 160 850 538058 17 11 2025 21 6 2027 
1300 15 Thermometer_530 434.93 467 917 398831 8 12 2024 8 8 2027 
1301 8 Ball_432 463.41 245 638 295656 4 1 2025 14 5 2026 
1302 12 Medicine_172 664 82 636 422304 30 11 2025 28 7 2027 
1303 8 Salt_798 122.49 459 979 119918 1 1 2024 30 11 2026 
1304 11 T-Shirt_252 663.36 320 648 429857 16 11 2025 5 5 2028 
1305 10 Pillow_533 797.45 245 58 46252.1 24 12 2024 4 8 2027 
1306 13 Newspaper_864 370.4 434 365 135196 15 10 2025 18 7 2027 
1307 11 Charger_385 621.49 283 644 400240 22 4 2024 12 3 2027 
1308 13 Furniture_299 201.42 469 179 36054.2 3 7 2024 20 3 2026 
1309 8 Sofa_267 134.97 410 295 39816.2 24 7 2025 27 10 2026 
1310 13 Lightbulb_956 15.17 254 164 2487.88 5 8 2024 6 12 2026 
1311 10 Laptop_109 781.32 177 413 322685 17 5 2025 13 5 2027 
1312 15 Thermometer_478 838.96 6 22 18457.1 17 4 2024 7 11 2025 
1313 9 Flour_649 409.71 103 783 320803 30 4 2024 24 10 2026 
1314 17 Graphics_Card_813 92.95 375 952 88488.4 6 7 2025 27 9 2027 
1315 8 Book_118 845.65 34 25 21141.2 10 1 2025 8 1 2027 
1316 11 Stapler_310 829.77 419 982 814834 21 9 2024 16 5 2027 
1317 17 Graphics_Card_161 985.77 234 902 889165 22 10 2024 17 6 2026 
1318 9 Chips_233 795.51 96 473 376276 11 4 2024 22 6 2025 
1319 12 Scissors_574 765.74 365 791 605700 2 4 2024 7 10 2025 
1320 16 Power_Supply_531 403.53 59 291 117427 8 10 2025 24 9 2027 
1321 13 Furniture_367 941.29 440 130 122368 6 12 2025 8 10 2027 
1322 10 Wallet_257 703 398 388 272764 24 9 2024 21 5 2027 
1323 13 Processor_869 282.72 461 3 848.16 13 8 2025 3 4 2027 
1324 14 Microphone_520 227.64 468 907 206469 20 8 2024 6 1 2026 
1325 9 Pasta_479 204.69 257 907 185654 28 8 2024 21 5 2026 
1326 15 Thermometer_701 557.3 241 445 247998 16 2 2025 19 3 2026 
1327 10 Laptop_916 427.35 352 994 424786 25 4 2025 23 11 2027 
1328 9 Watch_648 749.48 324 381 285552 4 1 2024 17 8 2026 
1329 9 Bread_917 564.39 475 464 261877 26 1 2025 15 12 2027 
1330 7 RAM_932 21.91 117 50 1095.5 30 4 2025 2 2 2028 
1331 10 Charger_90 669.95 444 0 0 10 11 2025 9 6 2027 
1332 11 Shampoo_569 104.86 232 651 68263.9 6 8 2024 16 1 2026 
1333 10 Bleach_160 714.73 2 476 340211 1 9 2024 17 3 2027 
1334 9 Bread_215 978.05 370 501 490003 13 10 2025 28 9 2028 
1335 8 Rice_684 631.89 428 627 396195 4 1 2024 29 8 2025 
1336 8 Lamp_301 412.21 1 934 385004 19 4 2024 16 8 2026 
1337 12 Umbrella_589 730.31 361 563 411165 6 8 2025 21 4 2027 
1338 9 Dress_571 802.69 358 214 171776 28 9 2025 24 4 2027 
1339 17 First_Aid_Kit_376 561.87 260 101 56748.9 27 10 2025 29 3 2027 
1340 13 Furniture_990 66.62 461 68 4530.16 28 6 2024 3 9 2026 
1341 9 Clock_698 932.09 445 654 609587 6 2 2025 19 1 2028 
1342 12 Yoga_Mat_228 35.9 136 314 11272.6 22 10 2024 25 11 2025 
1343 8 Vase_364 734.85 228 946 695168 8 10 2025 14 1 2028 
1344 9 Plant_834 552.79 482 172 95079.9 6 3 2025 27 1 2028 
1345 13 Chocolate_745 424.69 369 853 362261 12 8 2024 19 7 2027 
1346 8 Seeds_99 105.57 332 422 44550.5 23 9 2025 4 4 2028 
1347 12 Backpack_880 785.98 201 395 310462 25 12 2024 26 4 2027 
1348 9 Clock_183 617.61 322 195 120434 16 5 2024 19 1 2026 
1349 12 Keyboard_647 232.25 195 32 7432 26 9 2025 19 3 2028 
1350 17 Graphics_Card_418 634.95 106 258 163817 20 7 2024 3 7 2027 
1351 9 Pasta_645 697.32 378 738 514622 1 5 2024 11 10 2025 
1352 11 Chicken_809 988.94 361 390 385687 25 3 2024 17 9 2026 
1353 11 Notebook_68 416.98 478 521 217247 18 1 2025 1 4 2026 
1354 15 Thermometer_971 177.43 333 659 116926 2 3 2025 7 9 2026 
1355 13 Furniture_920 737.8 280 266 196255 4 7 2025 22 7 2027 
1356 8 Eggs_161 804.53 416 641 515704 4 1 2025 28 7 2026 
1357 13 Batteries_347 289.2 387 621 179593 4 12 2025 4 11 2028 
1358 9 Flour_522 340.99 27 993 338603 19 11 2024 12 4 2027 
1359 12 Umbrella_722 223.54 187 879 196492 24 10 2025 5 4 2028 
1360 10 Tissue_492 58.96 157 291 17157.4 11 5 2024 11 12 2026 
1361 12 Furniture_13 375.91 242 20 7518.2 15 8 2025 11 9 2026 
1362 11 Monitor_766 460.88 411 228 105081 1 6 2024 17 4 2027 
1363 9 Juice_184 243.07 215 931 226298 4 4 2025 7 2 2027 
1364 16 Power_Supply_346 568.55 261 185 105182 13 1 2025 13 7 2027 
1365 12 Notebook_287 768.87 103 274 210670 25 9 2024 31 8 2027 
1366 14 Microphone_539 943.95 143 862 813685 6 2 2025 17 3 2027 
1367 15 Cooling_Fan_614 185.73 21 648 120353 4 3 2025 21 1 2027 
1368 14 Headphones_321 472.86 34 237 112068 29 10 2025 18 6 2028 
1369 13 Lightbulb_306 56.49 465 775 43779.8 15 11 2024 15 7 2027 
1370 7 Bed_827 281.15 382 190 53418.5 11 12 2024 22 5 2026 
1371 9 Flour_967 358.42 46 254 91038.7 10 8 2025 28 5 2027 
1372 8 Eggs_495 796.79 401 48 38245.9 16 7 2025 3 1 2027 
1373 8 Book_239 740.71 48 105 77774.6 10 3 2025 21 5 2027 
1374 10 Coffee_961 156.46 193 60 9387.6 1 8 2025 11 2 2028 
1375 13 Detergent_617 691.85 80 641 443476 9 10 2024 7 3 2027 
1376 10 Laptop_748 781.09 1 806 629559 30 12 2023 29 9 2026 
1377 12 Keyboard_905 168.12 312 513 86245.6 28 4 2025 22 11 2027 
1378 15 Cooling_Fan_838 949.58 350 645 612479 15 7 2024 1 5 2027 
1379 9 Sponge_79 81.42 184 702 57156.8 27 5 2025 27 10 2027 
1380 11 Cookies_605 337.56 149 782 263972 19 6 2025 26 9 2026 
1381 12 Suitcase_526 392.58 87 924 362744 13 9 2025 11 7 2027 
1382 11 Vinegar_380 907.61 497 562 510077 28 2 2025 23 12 2026 
1383 13 Newspaper_469 54.6 271 523 28555.8 14 12 2024 16 5 2027 
1384 11 Charger_292 702.42 181 501 351912 16 8 2024 6 5 2027 
1385 10 Butter_140 363.97 234 437 159055 29 5 2025 26 9 2026 
1386 7 SSD_839 241.28 206 504 121605 7 10 2025 11 2 2027 
1387 13 Processor_977 685.98 296 546 374545 15 6 2025 8 8 2026 
1388 12 Yoga_Mat_873 852.56 118 798 680343 2 2 2025 15 4 2027 
1389 6 Pot_14 424.19 287 884 374984 9 9 2024 13 2 2026 
1390 14 Fertilizer_377 346.46 450 123 42614.6 13 4 2025 30 12 2027 
1391 10 Bleach_471 829.53 66 330 273745 1 3 2024 26 2 2026 
1392 14 Sunglasses_835 476.63 168 927 441836 14 1 2024 5 3 2026 
1393 12 Smartphone_7 754.81 25 366 276260 25 7 2025 16 6 2027 
1394 11 Medicine_87 910.6 91 372 338743 8 10 2025 24 10 2027 
1395 9 Juice_128 302.63 87 339 102592 10 5 2024 29 10 2026 
1396 10 Butter_768 837.41 66 315 263784 19 3 2024 11 1 2026 
1397 10 Sponge_902 190.8 77 17 3243.6 6 9 2024 18 6 2026 
1398 10 Pillow_758 638.62 0 776 495569 12 8 2025 11 9 2026 
1399 12 Scissors_939 321.61 92 192 61749.1 20 5 2024 7 12 2026 
1400 7 Tea_479 141.51 466 119 16839.7 21 9 2024 10 11 2026 
1401 7 Sofa_77 789.65 405 113 89230.4 13 2 2025 24 9 2026 
1402 10 Candle_855 893.58 315 680 607634 3 3 2025 7 7 2027 
1403 17 Picture_Frame_837 814.66 389 661 538490 1 12 2024 24 1 2027 
1404 12 Yoga_Mat_148 790.93 193 239 189032 27 12 2023 10 2 2026 
1405 8 Lamp_864 738.61 24 392 289535 31 12 2023 8 12 2026 
1406 16 Garden_Tools_520 758.53 273 442 335270 28 2 2025 21 3 2026 
1407 12 Yoga_Mat_215 425.17 491 994 422619 10 3 2024 4 9 2026 
1408 10 Cereal_511 983.57 349 994 977669 10 8 2025 25 1 2028 
1409 13 Microphone_36 893.56 7 35 31274.6 16 9 2025 13 3 2027 
1410 17 Graphics_Card_606 971.71 491 166 161304 24 10 2024 19 3 2026 
1411 14 Headphones_485 999.33 132 905 904394 8 4 2024 17 11 2025 
1412 11 Vinegar_980 391.94 311 446 174805 9 11 2025 28 12 2027 
1413 11 Vitamins_48 862.29 464 150 129344 23 5 2024 21 2 2027 
1414 12 Keyboard_206 432.87 145 903 390882 2 1 2024 19 7 2026 
1415 13 Batteries_620 674.08 408 424 285810 2 7 2025 25 5 2028 
1416 10 Cheese_175 622.24 222 194 120715 5 7 2025 26 3 2028 
1417 14 Toothpaste_591 960.82 406 715 686986 29 10 2024 1 12 2025 
1418 16 Power_Supply_950 652.79 211 163 106405 5 3 2024 2 6 2026 
1419 8 Bike_862 282.21 56 688 194160 1 8 2025 5 2 2027 
1420 14 Trash_Bags_103 379.05 380 67 25396.3 17 6 2025 21 7 2026 
1421 10 Sponge_607 886.64 33 684 606462 28 4 2024 10 7 2025 
1422 7 Rug_816 379.13 332 241 91370.3 14 8 2025 2 1 2027 
1423 7 Bag_236 455.24 3 43 19575.3 27 1 2024 5 4 2026 
1424 10 Tissue_229 357.82 351 273 97684.9 2 11 2024 9 4 2027 
1425 12 Umbrella_148 919.44 125 730 671191 27 4 2024 23 2 2026 
1426 13 Chocolate_379 533.47 137 605 322749 27 6 2024 9 11 2026 
1427 8 Lamp_234 410.56 172 157 64457.9 18 2 2025 3 3 2027 
1428 13 Sprinkler_192 464.11 210 253 117420 30 3 2025 3 8 2026 
1429 8 Desk_507 52.19 253 138 7202.22 21 7 2025 29 12 2027 
1430 9 Plant_164 598.34 308 133 79579.2 20 4 2024 8 12 2025 
1431 8 Desk_760 613.59 211 378 231937 3 9 2024 17 3 2027 
1432 14 Microphone_647 934.14 160 113 105558 19 3 2024 30 1 2026 
1433 12 Backpack_598 745.43 472 408 304135 17 5 2024 14 10 2025 
1434 8 Soda_627 168.79 412 563 95028.8 9 3 2025 31 3 2027 
1435 8 Case_644 223.3 485 354 79048.2 1 3 2025 25 5 2026 
1436 7 Oil_530 995.23 426 293 291602 20 4 2025 25 9 2027 
1437 8 Game_264 504.81 2 456 230193 4 5 2024 5 11 2025 
1438 8 Oats_327 319.32 34 935 298564 24 7 2025 28 4 2028 
1439 7 Pot_612 435.67 13 521 226984 20 1 2025 28 11 2027 
1440 10 Bleach_286 576.39 370 154 88764.1 21 5 2025 26 4 2027 
1441 13 Newspaper_310 1.7 335 455 773.5 8 2 2025 26 7 2027 
1442 12 Umbrella_377 986.03 253 456 449630 13 7 2025 16 5 2027 
1443 7 SSD_507 367.55 238 917 337043 19 3 2024 27 3 2025 
1444 8 Belt_169 605.79 263 860 520979 10 5 2025 5 4 2028 
1445 13 Sprinkler_698 424.6 302 499 211875 19 3 2024 9 11 2025 
1446 8 Water_17 702.13 150 671 471129 8 8 2024 25 1 2026 
1447 9 Water_515 818.37 130 883 722621 30 7 2025 29 8 2026 
1448 7 DVD_744 406.23 141 932 378606 21 3 2025 12 3 2028 
1449 17 Running_Shoes_789 885.96 21 170 150613 10 11 2024 24 8 2027 
1450 8 Sofa_150 9.29 475 162 1504.98 7 12 2023 23 2 2026 
1451 8 Sofa_196 518.86 272 540 280184 17 11 2025 21 4 2027 
1452 13 USB_Drive_264 945.89 305 145 137154 12 11 2025 29 6 2027 
1453 9 Jeans_524 908.11 77 640 581190 29 6 2025 20 12 2027 
1454 10 Racket_924 892.82 180 501 447303 3 12 2025 4 6 2028 
1455 9 Watch_450 913.43 164 336 306912 13 12 2024 21 11 2026 
1456 9 Shoes_889 739.66 371 387 286248 8 4 2025 28 10 2027 
1457 8 Oats_959 937.89 343 233 218528 3 12 2024 22 11 2027 
1458 9 Tissue_14 546.3 427 448 244742 13 10 2024 19 3 2027 
1459 11 Speaker_404 754.47 17 240 181073 11 4 2024 5 5 2026 
1460 8 Sofa_598 691.35 488 649 448686 2 10 2024 25 1 2027 
1461 14 Hard_Drive_865 678.58 43 403 273468 17 1 2025 1 5 2026 
1462 8 Hose_953 532.83 119 134 71399.2 9 5 2024 9 9 2025 
1463 12 Backpack_112 612.03 296 265 162188 21 8 2024 11 1 2026 
1464 11 Stapler_137 608.06 322 668 406184 18 10 2024 20 2 2026 
1465 10 Charger_40 148.85 72 457 68024.4 29 10 2025 13 4 2028 
1466 8 Eggs_349 773.29 194 620 479440 16 4 2024 14 10 2026 
1467 12 Medicine_214 153.07 254 477 73014.4 31 10 2024 20 11 2025 
1468 7 Sofa_96 93.94 462 830 77970.2 28 8 2024 22 7 2026 
1469 7 RAM_129 712.24 140 757 539166 21 4 2025 24 5 2026 
1470 11 Monitor_600 498.93 68 132 65858.8 26 12 2024 6 7 2027 
1471 8 Game_899 471.52 379 864 407393 30 6 2025 6 1 2027 
1472 13 USB_Drive_738 674.33 205 525 354023 24 11 2025 25 7 2028 
1473 9 Plant_396 104.65 59 849 88847.9 31 10 2025 7 8 2028 
1474 8 Sofa_355 824.39 347 492 405600 8 4 2024 20 10 2026 
1475 11 Charger_595 528.69 247 920 486395 15 9 2024 20 8 2027 
1476 10 Yogurt_368 932.99 459 502 468361 4 4 2024 18 1 2027 
1477 8 Towel_49 117.39 227 991 116333 10 2 2024 23 12 2025 
1478 10 Sponge_263 768.68 247 795 611101 7 2 2025 1 8 2027 
1479 13 USB_Drive_123 650.11 148 820 533090 30 5 2024 24 11 2026 
1480 11 Speaker_593 12.63 486 959 12112.2 31 1 2025 1 11 2027 
1481 12 Scissors_963 981.89 319 106 104080 6 11 2025 25 9 2028 
1482 7 Pen_799 774.69 450 386 299030 22 2 2024 25 2 2026 
1483 8 Game_579 250.06 293 489 122279 6 9 2025 18 9 2026 
1484 7 Rug_331 48.22 91 489 23579.6 28 2 2025 12 9 2026 
1485 13 Processor_315 398.95 250 759 302803 18 1 2024 11 3 2025 
1486 8 Ball_576 613.36 91 39 23921 13 5 2025 18 7 2027 
1487 8 Eggs_503 317.85 48 502 159561 10 7 2024 5 9 2026 
1488 8 Glue_321 314.06 226 293 92019.6 27 7 2025 12 9 2027 
1489 14 Headphones_223 4.12 86 283 1165.96 5 1 2025 22 12 2026 
1490 11 Vinegar_236 486.47 7 285 138644 16 8 2024 6 3 2026 
1491 17 Picture_Frame_593 253.02 201 993 251249 26 2 2024 3 6 2025 
1492 10 Racket_697 663.73 153 988 655765 9 4 2025 5 7 2027 
1493 11 T-Shirt_523 95.04 440 674 64057 9 2 2025 12 10 2027 
1494 10 Sponge_878 609.72 301 657 400586 11 10 2024 19 3 2027 
1495 11 Stapler_554 346.01 422 23 7958.23 10 12 2023 29 7 2025 
1496 11 Charger_358 165.67 130 704 116632 20 3 2024 2 5 2026 
1497 9 Flour_831 409.24 355 404 165333 21 4 2025 13 11 2027 
1498 12 Backpack_183 762.08 480 747 569274 16 10 2024 4 10 2026 
1499 13 USB_Drive_342 670.62 154 677 454010 6 12 2024 21 1 2027 
1500 15 Thermometer_938 4.25 330 723 3072.75 31 1 2024 24 1 2027 
1501 8 Eggs_759 67.93 353 994 67522.4 16 11 2025 20 5 2028 
1502 11 Speaker_959 435.11 177 175 76144.2 2 2 2025 1 8 2027 
1503 7 Rug_113 496.19 12 817 405387 11 3 2024 20 3 2026 
1504 10 Puzzle_871 274.96 293 458 125932 5 12 2025 20 8 2028 
1505 15 Motherboard_841 728.49 305 441 321264 19 2 2025 31 3 2027 
1506 14 Sunglasses_102 915.47 356 120 109856 26 6 2025 9 7 2027 
1507 13 Batteries_892 867.21 33 892 773551 12 5 2025 6 3 2027 
1508 11 Stapler_516 681.04 276 983 669462 13 2 2024 28 4 2025 
1509 11 T-Shirt_582 518.08 24 800 414464 15 11 2024 4 8 2026 
1510 11 T-Shirt_445 485.09 55 645 312883 25 10 2024 15 5 2027 
1511 11 Chicken_256 791.77 455 142 112431 12 1 2025 15 12 2027 
1512 8 Hose_295 469.36 266 999 468891 3 12 2025 5 11 2027 
1513 12 Notebook_260 597.05 295 245 146277 6 4 2025 3 10 2026 
1514 11 Shampoo_883 727.25 281 25 18181.2 19 10 2024 7 2 2027 
1515 8 Sofa_237 516.39 53 679 350629 19 6 2025 23 6 2026 
1516 11 Cookies_994 87.28 193 178 15535.8 26 2 2025 3 9 2026 
1517 9 Dress_445 878 115 431 378418 3 11 2025 21 4 2028 
1518 9 Sugar_547 748.34 411 831 621871 31 5 2024 12 11 2025 
1519 8 Salt_547 759.99 276 14 10639.9 21 12 2024 22 4 2027 
1520 14 Sunglasses_353 488.23 500 822 401325 25 3 2025 12 10 2027 
1521 8 Glue_574 177.36 19 98 17381.3 15 5 2024 3 5 2026 
1522 8 Milk_144 515.02 133 951 489784 30 12 2023 17 4 2025 
1523 9 Seeds_475 488.46 258 870 424960 28 8 2025 23 1 2028 
1524 9 Juice_828 681.97 148 576 392815 18 7 2024 9 8 2025 
1525 17 Running_Shoes_123 848.06 262 698 591946 9 8 2024 10 2 2026 
1526 17 Pain_Reliever_990 308.18 389 93 28660.7 26 2 2025 24 12 2027 
1527 17 Picture_Frame_789 964.02 61 457 440557 5 2 2024 16 6 2025 
1528 12 Medicine_167 498.17 175 486 242111 26 3 2025 22 10 2026 
1529 11 Speaker_270 95.5 410 761 72675.5 25 8 2025 10 6 2028 
1530 13 Sprinkler_403 43.13 304 964 41577.3 16 5 2024 16 3 2027 
1531 15 Cooling_Fan_512 89.46 234 856 76577.8 18 11 2025 9 4 2027 
1532 11 Charger_577 335.86 290 889 298580 25 10 2025 24 11 2027 
1533 12 Suitcase_655 906.51 234 922 835802 12 9 2025 12 2 2027 
1534 10 Bleach_134 492.81 417 220 108418 10 9 2024 13 6 2026 
1535 14 Smartphone_544 137.66 24 927 127611 21 12 2023 23 10 2026 
1536 10 Candle_949 804.21 279 376 302383 18 1 2024 6 11 2025 
1537 10 Bleach_908 938.03 371 984 923022 2 10 2024 22 7 2026 
1538 17 First_Aid_Kit_148 43.15 44 725 31283.8 11 7 2025 14 7 2026 
1539 12 Sunglasses_3 62.41 404 712 44435.9 29 12 2023 22 3 2025 
1540 14 Trash_Bags_482 177.16 165 835 147929 2 11 2025 17 5 2027 
1541 9 Chips_784 153.26 226 672 102991 30 7 2025 11 2 2028 
1542 11 Notebook_89 871.73 26 295 257160 2 1 2025 4 2 2027 
1543 10 Charger_53 610.55 430 755 460965 6 5 2025 25 2 2028 
1544 13 Batteries_751 952.94 244 725 690882 18 5 2024 1 2 2027 
1545 11 Shampoo_550 481.19 397 253 121741 21 12 2023 28 11 2025 
1546 8 Nuts_457 98.22 428 690 67771.8 16 2 2025 26 7 2026 
1547 11 Chicken_172 79.91 438 278 22215 21 2 2025 26 3 2027 
1548 8 Beef_635 609.37 71 672 409497 18 9 2024 22 11 2026 
1549 14 Trash_Bags_211 357.8 440 677 242231 27 1 2024 11 11 2025 
1550 11 T-Shirt_578 351.58 39 48 16875.8 7 2 2025 18 2 2026 
1551 9 Socks_534 360.24 166 431 155263 4 4 2025 19 6 2026 
1552 8 Belt_789 414.81 146 584 242249 29 7 2025 7 9 2026 
1553 12 Notebook_180 309.42 490 123 38058.7 20 2 2024 9 10 2026 
1554 9 Chips_707 494.32 209 226 111716 12 4 2024 20 11 2025 
1555 8 Flour_41 416.01 371 390 162244 16 12 2023 26 10 2025 
1556 14 Microphone_259 255.41 271 757 193345 19 12 2024 20 12 2026 
1557 10 Jacket_523 236.37 261 755 178459 4 2 2025 18 8 2026 
1558 9 Racket_74 322.64 412 305 98405.2 31 10 2024 11 10 2027 
1559 10 Folder_466 547.66 380 108 59147.3 22 1 2025 12 8 2027 
1560 9 Dress_523 963.74 187 898 865439 19 10 2024 20 10 2025 
1561 10 Jacket_884 251.27 462 36 9045.72 15 6 2025 31 5 2027 
1562 8 Milk_474 554.6 151 993 550718 1 12 2024 10 7 2026 
1563 8 Desk_325 349.52 483 409 142954 10 12 2023 31 12 2025 
1564 7 Bed_790 836.07 395 33 27590.3 23 9 2025 24 8 2027 
1565 10 Mirror_948 851.16 269 253 215343 12 7 2025 23 12 2026 
1566 12 Mattress_107 123.3 243 855 105422 8 7 2024 27 2 2027 
1567 11 Cookies_613 296.57 340 73 21649.6 12 8 2025 7 3 2027 
1568 8 Glue_995 933.18 51 309 288353 27 4 2025 11 5 2026 
1569 10 Helmet_801 41.96 44 136 5706.56 1 10 2024 5 7 2026 
1570 10 Pencil_788 343.4 408 912 313181 2 4 2025 12 9 2027 
1571 8 Sofa_704 833.74 157 18 15007.3 6 12 2025 28 4 2028 
1572 11 Gym_Bag_920 190.47 150 558 106282 13 9 2024 2 9 2027 
1573 9 Shoes_329 600.67 3 48 28832.2 20 4 2025 3 7 2027 
1574 11 Bandage_629 473.36 247 258 122127 20 3 2025 1 11 2026 
1575 7 Hose_37 466.47 480 157 73235.8 30 11 2025 29 9 2028 
1576 9 Water_867 937.92 282 286 268245 27 4 2025 6 7 2026 
1577 12 Mattress_827 170.03 284 299 50839 14 10 2025 4 1 2027 
1578 11 Bandage_836 376.68 495 204 76842.7 22 9 2024 29 7 2027 
1579 11 Shampoo_911 607.72 103 116 70495.5 6 2 2025 20 5 2027 
1580 8 Sofa_875 702.73 53 493 346446 12 9 2024 6 3 2026 
1581 12 Yoga_Mat_749 242.88 462 298 72378.2 16 7 2025 28 7 2027 
1582 10 Folder_732 788.33 435 614 484035 6 11 2025 24 10 2027 
1583 14 Headphones_833 134.58 185 217 29203.9 11 3 2024 24 4 2026 
1584 11 Chicken_635 231.76 37 297 68832.7 11 6 2024 5 5 2027 
1585 9 Jeans_329 302.37 170 349 105527 16 9 2025 27 8 2028 
1586 10 Helmet_877 99.76 168 478 47685.3 13 8 2025 18 1 2028 
1587 8 Nuts_367 688.64 120 378 260306 3 7 2024 11 9 2026 
1588 15 Motherboard_898 134.46 460 960 129082 10 3 2025 29 6 2026 
1589 12 Processor_83 110.29 95 469 51726 28 1 2024 14 11 2026 
1590 11 Cookies_851 48.94 301 376 18401.4 24 7 2024 29 7 2026 
1591 8 Milk_485 343.31 446 199 68318.7 6 7 2024 3 1 2027 
1592 8 Book_581 588.97 225 743 437605 31 8 2025 21 7 2027 
1593 8 Sofa_852 672.55 348 638 429087 17 2 2025 10 1 2027 
1594 17 Picture_Frame_809 223.14 493 528 117818 24 11 2025 13 8 2027 
1595 10 Speaker_55 923.55 32 198 182863 20 5 2025 10 6 2027 
1596 12 Umbrella_308 595.42 171 815 485267 29 4 2024 2 8 2025 
1597 8 Ball_848 733.29 111 542 397443 6 1 2025 8 2 2026 
1598 13 Sprinkler_947 560.07 310 928 519745 25 6 2024 16 4 2027 
1599 13 Furniture_659 808.75 417 146 118078 20 12 2023 12 2 2026 
1600 6 Rubber 900 3 0 0 1 1 2026 1 1 2090 
